112.456067
111.600887
111.743417
111.743417
113.026186
110.175589
107.324991
110.745708
110.033059
112.598597
112.171007
110.603178
109.605469
110.318119
110.318119
109.890529
110.033059
107.895111
110.460649
109.747999
110.745708
111.030768
111.600887
111.458358
113.168716
111.173298
108.607760
110.745708
111.458358
112.313537
108.180171
110.318119
112.313537
98.630669
111.030768
112.883656
110.745708
113.311246
110.175589
111.173298
111.885947
112.028477
110.175589
111.315828
110.888238
109.890529
112.171007
109.035350
111.600887
111.173298
110.033059
110.745708
111.173298
110.603178
111.173298
111.600887
112.883656
112.313537
111.458358
108.607760
110.318119
112.171007
109.890529
107.182462
108.607760
112.171007
109.890529
111.315828
110.175589
109.605469
112.456067
112.028477
112.171007
110.033059
112.171007
110.175589
112.313537
109.747999
112.456067
111.030768
111.600887
111.885947
111.885947
112.598597
110.888238
108.892820
111.600887
108.892820
109.035350
111.458358
112.456067
107.895111
110.888238
109.747999
110.033059
109.605469
112.598597
112.028477
111.458358
112.313537
113.453776
112.313537
110.745708
107.752581
104.901984
106.042223
110.460649
112.456067
112.741126
110.888238
111.030768
112.456067
110.745708
109.035350
109.605469
110.175589
112.313537
111.458358
112.313537
110.888238
110.888238
113.026186
109.462939
110.318119
111.173298
110.888238
110.888238
109.890529
110.318119
110.603178
105.899693
110.318119
110.318119
111.743417
109.035350
110.318119
111.173298
111.458358
108.607760
110.318119
111.885947
111.885947
109.320410
109.035350
110.745708
111.030768
111.030768
111.458358
109.605469
111.458358
108.750290
111.315828
110.745708
110.888238
112.171007
112.741126
111.600887
111.173298
112.028477
110.888238
112.456067
112.028477
110.033059
110.460649
113.026186
110.318119
111.173298
112.883656
111.173298
102.764036
112.313537
111.030768
112.171007
113.453776
111.600887
112.171007
113.311246
111.600887
111.600887
112.598597
110.460649
111.173298
109.320410
110.318119
111.315828
112.313537
110.888238
111.173298
111.030768
112.598597
113.026186
109.320410
112.883656
112.171007
111.600887
112.741126
111.458358
108.892820
110.888238
110.460649
111.885947
110.175589
111.600887
112.171007
111.458358
111.030768
109.320410
110.745708
100.198498
111.885947
111.030768
110.318119
111.173298
111.885947
111.173298
111.600887
110.745708
109.605469
111.743417
111.458358
110.745708
111.458358
111.315828
111.458358
110.745708
109.320410
111.030768
111.743417
111.030768
111.315828
111.743417
111.743417
112.883656
113.881365
110.888238
112.598597
113.168716
111.315828
109.035350
109.320410
113.453776
111.885947
112.313537
110.318119
113.453776
112.883656
112.741126
101.481267
110.745708
112.028477
113.311246
109.890529
110.175589
111.315828
112.741126
112.028477
112.028477
110.460649
111.173298
111.743417
111.173298
111.030768
110.603178
108.322701
105.329573
110.460649
110.460649
111.743417
110.603178
112.741126
111.030768
111.030768
110.460649
112.883656
110.603178
109.890529
110.888238
112.028477
113.168716
110.175589
111.885947
111.173298
112.456067
109.890529
112.456067
109.890529
97.347901
101.908856
112.171007
109.890529
111.315828
112.883656
111.173298
110.318119
112.171007
113.026186
112.313537
111.458358
110.888238
111.600887
110.888238
112.883656
112.883656
110.888238
112.456067
112.171007
113.311246
111.173298
111.600887
108.750290
112.028477
111.030768
112.598597
111.030768
110.318119
111.600887
110.745708
113.168716
114.166425
110.888238
112.313537
112.598597
111.315828
112.028477
111.600887
100.341028
113.026186
111.458358
111.885947
110.745708
111.885947
112.883656
112.028477
111.885947
112.741126
113.311246
113.738836
110.175589
111.600887
113.311246
112.171007
111.600887
110.888238
110.888238
110.175589
111.885947
111.030768
112.313537
110.603178
110.033059
111.173298
111.885947
111.743417
112.171007
111.173298
111.030768
112.028477
112.171007
112.028477
111.173298
113.453776
112.456067
112.313537
110.033059
98.060550
110.745708
113.026186
111.173298
112.171007
113.881365
112.028477
111.885947
111.173298
110.603178
112.313537
110.175589
110.318119
112.028477
112.171007
110.460649
110.175589
112.883656
112.456067
111.600887
112.028477
111.743417
110.745708
107.752581
112.171007
110.745708
111.600887
111.030768
109.890529
112.456067
111.315828
111.315828
114.308955
110.175589
111.315828
111.030768
112.171007
110.888238
111.173298
100.341028
110.175589
111.173298
111.600887
111.885947
113.881365
110.603178
109.747999
107.467521
111.600887
113.311246
110.460649
111.173298
110.175589
113.026186
111.458358
111.458358
112.171007
110.033059
113.311246
111.600887
108.892820
107.324991
111.743417
112.456067
112.456067
111.743417
112.313537
110.745708
109.605469
111.743417
111.030768
109.177880
112.171007
112.598597
111.600887
112.171007
112.313537
113.026186
99.628378
113.453776
111.458358
112.171007
111.885947
110.888238
111.743417
110.318119
110.888238
111.885947
110.603178
111.173298
111.885947
110.318119
111.600887
111.885947
113.453776
108.037641
111.743417
110.888238
111.030768
109.747999
112.741126
113.026186
114.594015
110.603178
108.892820
112.313537
113.168716
111.030768
112.456067
110.888238
112.028477
112.598597
112.028477
111.173298
111.458358
112.883656
111.315828
97.775490
106.469812
112.171007
111.743417
111.458358
111.030768
111.030768
111.743417
111.885947
111.030768
109.890529
111.458358
112.171007
111.173298
112.028477
112.741126
113.738836
112.741126
110.745708
112.456067
112.313537
111.315828
111.458358
110.888238
111.030768
109.747999
110.888238
110.460649
113.168716
110.745708
112.028477
110.745708
112.883656
111.743417
110.318119
111.315828
111.030768
111.173298
111.743417
101.053677
111.600887
111.458358
111.458358
112.171007
112.028477
111.600887
113.453776
111.885947
112.313537
110.603178
114.451485
110.745708
110.745708
111.885947
111.885947
110.460649
112.456067
112.883656
111.458358
112.741126
112.028477
111.885947
113.168716
109.605469
111.030768
111.030768
112.171007
113.738836
111.743417
112.598597
111.030768
110.460649
111.600887
111.743417
109.605469
111.600887
111.885947
112.313537
113.311246
112.456067
112.883656
111.030768
110.603178
112.171007
112.741126
111.458358
111.885947
112.456067
114.023895
112.456067
111.743417
112.741126
112.028477
112.313537
111.743417
111.885947
112.028477
110.603178
110.745708
111.458358
112.028477
112.028477
111.600887
112.313537
112.741126
110.318119
113.026186
110.888238
111.743417
111.600887
114.166425
111.885947
111.885947
112.171007
113.168716
112.171007
111.030768
112.313537
101.623797
111.743417
107.324991
110.460649
110.175589
113.311246
112.456067
111.458358
110.745708
111.030768
113.168716
112.883656
112.028477
111.030768
114.023895
111.885947
112.171007
112.028477
112.028477
111.458358
111.885947
110.603178
109.890529
111.885947
110.603178
110.318119
111.458358
112.883656
112.741126
111.600887
111.743417
110.318119
112.741126
110.745708
112.598597
110.318119
111.885947
109.462939
111.743417
105.614633
112.456067
110.888238
110.603178
111.315828
111.030768
111.885947
111.600887
111.885947
112.171007
112.598597
108.322701
113.596306
112.171007
111.885947
110.745708
107.610051
113.026186
111.173298
111.315828
110.460649
111.030768
112.028477
110.460649
112.883656
111.030768
111.743417
112.313537
111.173298
110.603178
110.318119
113.311246
112.171007
113.453776
110.888238
109.035350
113.026186
113.311246
113.026186
110.745708
110.603178
111.315828
110.175589
109.320410
110.603178
113.311246
112.456067
113.453776
110.603178
112.171007
110.460649
110.888238
111.030768
112.598597
112.883656
111.315828
110.460649
112.456067
112.028477
111.030768
111.885947
112.028477
113.311246
111.458358
111.458358
113.311246
113.026186
112.741126
110.888238
112.171007
111.885947
110.318119
111.743417
112.883656
113.026186
111.885947
110.318119
111.743417
112.741126
112.456067
112.883656
111.315828
104.901984
112.456067
110.033059
110.460649
109.462939
111.030768
112.313537
112.456067
112.883656
111.030768
110.745708
113.453776
111.173298
112.313537
114.023895
111.173298
112.171007
112.456067
111.173298
111.030768
112.313537
112.313537
110.033059
112.456067
107.752581
111.743417
111.315828
111.173298
110.033059
112.598597
111.315828
111.600887
112.456067
111.743417
110.460649
110.888238
111.885947
111.030768
110.603178
108.892820
111.885947
112.456067
112.883656
112.028477
110.603178
113.596306
108.892820
111.315828
110.175589
112.313537
112.313537
109.320410
107.610051
110.745708
106.327282
111.173298
107.610051
112.456067
110.888238
108.607760
111.173298
112.598597
112.598597
110.033059
111.030768
111.315828
111.743417
111.315828
112.313537
110.745708
111.030768
112.313537
110.318119
113.026186
113.026186
111.600887
112.883656
111.030768
112.883656
113.453776
110.745708
111.885947
112.171007
110.745708
112.741126
111.600887
111.458358
110.745708
110.888238
112.028477
111.173298
111.600887
108.750290
101.481267
111.315828
112.313537
108.892820
111.030768
111.315828
112.313537
111.173298
112.598597
112.171007
112.741126
112.456067
111.743417
111.885947
110.175589
110.603178
112.741126
109.747999
111.743417
112.028477
112.171007
111.173298
109.177880
111.315828
110.460649
111.743417
111.743417
105.899693
110.745708
113.026186
111.885947
111.885947
110.745708
111.315828
112.456067
111.030768
111.600887
109.605469
113.311246
96.777781
111.030768
112.456067
110.745708
110.603178
110.888238
110.318119
111.743417
113.168716
112.028477
112.741126
106.612342
111.458358
113.453776
111.600887
111.173298
112.028477
111.315828
110.460649
111.743417
112.598597
110.888238
113.168716
112.598597
111.458358
112.028477
112.883656
111.173298
110.888238
113.168716
112.456067
111.743417
112.171007
114.023895
111.030768
108.750290
112.171007
112.028477
111.030768
85.517921
110.033059
112.883656
110.175589
112.171007
112.741126
113.596306
111.458358
110.603178
111.743417
109.747999
110.033059
111.030768
112.598597
111.030768
108.465230
112.171007
111.743417
114.166425
112.456067
106.469812
113.881365
113.026186
110.888238
112.456067
111.458358
111.743417
112.456067
112.028477
110.603178
113.026186
112.028477
111.030768
111.743417
110.888238
111.885947
113.596306
111.173298
110.888238
90.791527
110.603178
112.028477
112.456067
110.888238
107.467521
113.168716
111.030768
113.453776
112.741126
112.741126
112.028477
111.743417
111.030768
110.603178
111.030768
113.026186
110.888238
112.313537
111.458358
111.458358
112.883656
111.743417
110.745708
112.028477
113.168716
110.745708
112.456067
113.311246
109.462939
113.881365
111.173298
111.458358
112.598597
110.888238
111.030768
114.023895
113.168716
113.026186
97.062841
112.456067
110.745708
111.885947
112.313537
111.173298
110.745708
110.460649
112.456067
113.168716
113.168716
112.456067
112.741126
109.462939
109.320410
113.453776
113.168716
109.747999
111.885947
111.885947
112.313537
113.026186
114.308955
111.030768
112.028477
111.315828
111.743417
112.028477
112.028477
111.458358
112.313537
113.026186
112.741126
112.171007
113.026186
113.026186
113.311246
107.324991
110.745708
99.343319
109.890529
113.026186
111.743417
110.175589
112.883656
111.885947
110.888238
111.743417
112.456067
113.026186
112.456067
110.460649
113.453776
111.458358
112.028477
111.030768
112.598597
112.741126
112.883656
112.456067
109.747999
105.187043
112.313537
111.030768
113.453776
112.883656
112.313537
112.598597
110.318119
111.458358
111.315828
111.885947
114.023895
113.168716
112.741126
111.885947
111.743417
110.175589
101.623797
111.315828
110.888238
112.313537
111.030768
113.311246
111.885947
110.888238
112.313537
110.888238
112.171007
112.598597
111.743417
112.171007
114.451485
111.173298
109.035350
112.028477
111.315828
112.171007
112.028477
110.318119
112.741126
111.600887
111.600887
110.460649
112.741126
112.741126
112.598597
110.888238
111.600887
102.906565
112.028477
109.890529
111.743417
112.741126
113.311246
113.168716
113.311246
98.345610
113.738836
111.743417
114.736545
111.743417
111.315828
113.453776
111.885947
111.315828
112.883656
110.888238
110.318119
112.313537
111.315828
113.453776
104.331864
111.030768
112.741126
112.598597
111.458358
110.603178
111.030768
110.603178
112.741126
112.171007
111.600887
112.456067
111.030768
113.168716
110.888238
112.313537
111.030768
110.318119
111.173298
110.033059
113.026186
112.598597
113.453776
112.883656
84.520212
111.315828
113.738836
113.453776
110.318119
110.888238
113.453776
110.603178
112.598597
112.598597
111.315828
112.171007
112.028477
111.743417
112.171007
109.890529
114.736545
113.453776
114.166425
112.456067
109.747999
112.171007
111.030768
110.318119
108.607760
113.311246
111.315828
111.600887
109.462939
111.743417
110.033059
112.741126
112.741126
111.315828
110.745708
111.458358
112.883656
111.743417
111.030768
90.363937
112.598597
110.033059
112.028477
112.883656
112.313537
113.311246
113.453776
112.598597
105.187043
112.313537
111.885947
111.600887
112.741126
112.028477
112.171007
112.171007
111.743417
113.596306
110.460649
112.028477
111.173298
111.885947
111.743417
112.741126
112.313537
110.745708
111.030768
110.318119
110.175589
111.600887
112.171007
111.885947
106.327282
111.885947
112.028477
112.456067
112.883656
110.888238
97.632960
110.888238
111.315828
110.888238
110.888238
111.743417
110.033059
111.315828
112.883656
113.026186
109.462939
112.883656
113.311246
112.313537
112.741126
113.026186
111.885947
107.182462
112.313537
113.311246
111.458358
110.603178
111.458358
111.600887
113.453776
112.883656
113.738836
111.885947
112.741126
111.458358
111.885947
110.318119
111.458358
111.743417
111.030768
113.453776
112.598597
109.320410
113.453776
102.051386
112.171007
110.460649
112.171007
112.028477
112.313537
113.738836
112.456067
112.741126
110.888238
112.313537
112.741126
113.596306
112.741126
111.030768
109.035350
113.453776
113.738836
113.453776
113.026186
112.456067
111.315828
111.600887
112.028477
111.600887
112.456067
106.042223
113.596306
111.315828
114.451485
112.313537
112.028477
112.028477
112.028477
112.028477
113.026186
112.883656
113.881365
112.741126
101.196207
110.745708
113.453776
113.168716
113.168716
112.313537
113.738836
110.888238
112.028477
111.030768
112.313537
105.614633
111.600887
110.745708
110.460649
112.456067
111.743417
111.458358
111.600887
110.603178
114.023895
112.028477
111.743417
113.881365
111.600887
112.741126
112.171007
110.460649
112.741126
112.028477
113.311246
110.745708
113.026186
112.456067
110.888238
109.035350
112.883656
110.888238
111.173298
110.318119
113.596306
112.883656
111.458358
111.315828
110.033059
112.028477
111.458358
111.885947
111.458358
113.026186
110.888238
111.743417
112.028477
109.320410
110.603178
112.883656
112.171007
112.313537
112.171007
112.741126
112.313537
111.600887
112.883656
111.458358
112.883656
110.175589
111.885947
109.177880
112.598597
112.883656
111.600887
112.883656
111.458358
111.885947
109.605469
111.600887
112.028477
112.741126
112.028477
111.173298
113.453776
112.456067
104.046804
112.171007
112.741126
113.738836
109.747999
114.308955
112.741126
111.315828
110.745708
112.741126
112.028477
111.458358
111.885947
112.456067
109.177880
110.603178
110.175589
113.026186
111.885947
111.600887
112.313537
112.313537
111.885947
111.173298
108.037641
110.460649
111.885947
112.171007
112.456067
109.747999
110.745708
110.603178
111.315828
112.883656
111.600887
112.313537
110.318119
111.885947
113.596306
113.453776
113.026186
110.888238
112.598597
111.173298
112.171007
112.313537
110.318119
110.888238
107.182462
111.600887
111.173298
111.600887
111.600887
113.453776
111.458358
106.327282
111.885947
111.315828
111.173298
111.173298
112.313537
112.456067
110.603178
111.600887
111.458358
112.883656
110.603178
111.030768
111.315828
113.738836
111.743417
112.313537
109.035350
112.598597
112.883656
112.171007
112.028477
111.315828
113.738836
110.888238
112.456067
112.456067
111.173298
111.458358
111.315828
111.885947
112.456067
110.888238
111.600887
112.883656
111.030768
111.173298
110.888238
112.028477
105.187043
112.883656
103.904275
110.318119
111.600887
111.030768
111.458358
111.458358
112.313537
111.458358
112.456067
112.883656
112.883656
112.171007
113.168716
111.458358
111.885947
111.315828
112.883656
111.600887
112.028477
113.026186
111.315828
111.885947
112.028477
104.331864
109.177880
112.456067
111.885947
112.028477
110.888238
113.026186
110.745708
113.026186
112.598597
110.318119
112.598597
111.885947
112.171007
103.619215
113.453776
113.026186
112.171007
111.458358
112.313537
113.168716
112.598597
112.028477
111.315828
109.035350
113.168716
112.171007
112.171007
111.743417
109.890529
108.750290
112.313537
111.600887
112.741126
112.456067
111.173298
112.171007
110.603178
112.028477
113.168716
111.315828
113.168716
111.885947
112.741126
111.458358
110.460649
112.028477
112.456067
105.187043
112.456067
111.600887
112.598597
109.605469
98.630669
111.458358
112.028477
112.171007
113.596306
112.456067
113.026186
113.596306
113.881365
110.888238
112.456067
111.030768
111.600887
111.743417
111.885947
111.315828
112.313537
110.888238
111.885947
106.612342
112.171007
113.168716
111.885947
109.890529
113.596306
110.745708
112.456067
112.028477
113.738836
111.458358
111.885947
112.171007
112.171007
108.892820
110.603178
110.033059
111.743417
112.171007
111.600887
100.483558
110.603178
111.458358
111.315828
107.895111
112.456067
112.028477
111.600887
113.311246
112.598597
114.451485
111.173298
111.315828
111.743417
112.171007
112.741126
111.315828
111.458358
110.745708
111.315828
111.173298
110.745708
113.738836
111.743417
110.318119
109.747999
112.456067
98.630669
110.033059
112.598597
112.313537
111.173298
114.166425
111.315828
110.888238
112.456067
113.168716
111.458358
112.456067
104.901984
111.458358
109.462939
111.315828
110.745708
110.888238
111.458358
111.458358
112.028477
113.168716
112.171007
112.313537
102.193916
112.883656
112.313537
112.456067
111.885947
109.890529
112.456067
110.460649
112.598597
111.600887
111.030768
111.030768
110.603178
111.315828
111.458358
113.881365
110.888238
112.883656
111.173298
110.033059
112.313537
111.600887
112.456067
113.453776
101.908856
110.888238
110.745708
107.324991
110.460649
111.885947
112.598597
111.458358
111.458358
111.743417
111.458358
112.028477
111.885947
112.028477
110.318119
112.171007
112.171007
111.885947
112.171007
110.745708
110.603178
110.603178
111.173298
112.741126
109.462939
113.026186
111.030768
113.026186
111.315828
111.173298
111.458358
111.030768
112.741126
112.171007
111.885947
112.028477
111.600887
112.598597
111.315828
111.885947
111.173298
112.456067
104.046804
112.456067
110.888238
111.885947
112.741126
110.888238
100.626088
111.600887
112.598597
112.171007
112.171007
111.173298
112.028477
112.883656
111.885947
112.883656
113.453776
112.741126
110.745708
111.885947
110.603178
111.173298
110.888238
110.888238
111.030768
112.598597
110.175589
112.171007
112.028477
102.051386
110.460649
112.028477
111.885947
111.600887
110.460649
112.598597
110.603178
113.311246
111.743417
98.915729
111.743417
111.600887
112.741126
110.603178
110.603178
111.458358
110.175589
111.885947
111.600887
111.173298
113.026186
110.033059
112.456067
105.044514
112.883656
110.603178
110.745708
111.030768
111.030768
111.030768
112.456067
112.028477
112.456067
112.171007
112.171007
112.313537
110.318119
111.315828
112.313537
110.603178
111.458358
109.605469
113.738836
110.888238
111.885947
112.456067
110.603178
109.035350
100.341028
110.888238
111.315828
112.456067
112.598597
112.028477
111.030768
112.598597
111.173298
110.460649
112.171007
110.888238
109.747999
112.313537
112.028477
111.173298
111.600887
111.600887
109.747999
110.603178
109.890529
111.458358
110.888238
101.766327
111.600887
110.175589
111.173298
112.171007
110.460649
111.600887
111.600887
111.173298
111.600887
111.030768
112.456067
111.885947
112.028477
111.600887
110.603178
98.915729
109.320410
111.743417
109.605469
110.603178
110.745708
112.313537
112.456067
104.759454
111.743417
112.028477
110.460649
112.598597
111.030768
112.171007
112.741126
114.736545
113.026186
112.313537
112.028477
111.173298
112.028477
112.456067
110.033059
112.883656
111.458358
111.458358
111.600887
111.315828
111.885947
111.173298
112.598597
110.888238
114.023895
111.173298
112.028477
112.028477
111.600887
113.453776
105.899693
112.883656
111.030768
112.171007
111.173298
110.318119
110.888238
109.605469
112.313537
111.885947
109.890529
112.028477
113.453776
109.747999
111.458358
113.311246
111.458358
109.035350
111.600887
111.743417
111.743417
111.315828
111.315828
111.600887
111.885947
112.171007
109.320410
111.030768
113.168716
111.173298
112.883656
111.600887
112.028477
111.458358
112.028477
111.458358
111.600887
112.598597
111.600887
108.892820
101.908856
111.885947
111.600887
113.026186
112.028477
110.888238
111.030768
113.026186
112.313537
109.747999
112.313537
112.028477
113.026186
112.456067
113.453776
113.596306
112.883656
112.028477
111.458358
110.745708
112.171007
112.171007
113.738836
111.885947
107.610051
112.883656
110.460649
112.883656
111.743417
111.030768
111.885947
110.745708
112.741126
113.596306
112.028477
114.166425
112.171007
113.168716
111.030768
112.313537
111.600887
112.313537
111.173298
110.318119
111.600887
110.603178
111.743417
113.881365
108.607760
111.173298
112.028477
110.888238
111.458358
111.030768
111.458358
111.315828
111.600887
111.458358
112.313537
110.745708
111.315828
111.030768
111.743417
112.171007
108.892820
111.315828
112.171007
110.603178
111.600887
111.885947
109.462939
112.171007
101.766327
111.600887
112.171007
110.888238
112.171007
111.458358
111.030768
111.173298
112.313537
111.600887
113.026186
110.888238
113.026186
111.173298
111.600887
111.173298
110.033059
111.743417
109.747999
111.315828
111.173298
110.175589
112.313537
105.472103
106.327282
110.460649
110.888238
111.885947
111.600887
112.171007
110.888238
111.885947
113.026186
112.313537
111.030768
110.603178
112.028477
112.171007
110.460649
111.315828
112.598597
112.741126
112.171007
110.745708
111.173298
110.033059
111.458358
106.612342
111.173298
113.026186
110.175589
112.028477
112.028477
113.168716
112.456067
110.175589
110.745708
111.743417
112.741126
110.460649
112.313537
111.600887
112.313537
109.462939
112.028477
110.460649
110.745708
110.888238
112.028477
111.743417
110.318119
110.175589
112.313537
112.313537
113.453776
111.030768
112.598597
110.888238
113.596306
110.603178
111.600887
113.026186
109.890529
111.315828
111.030768
113.311246
111.743417
112.598597
109.462939
112.313537
110.888238
112.883656
111.030768
112.741126
111.600887
103.761745
111.885947
110.603178
110.603178
111.315828
110.175589
111.030768
104.616924
112.028477
110.745708
110.318119
112.028477
111.173298
112.598597
111.173298
110.888238
113.311246
114.023895
109.747999
111.030768
112.028477
110.745708
112.883656
111.743417
104.901984
113.738836
113.738836
113.311246
114.166425
112.028477
111.743417
111.885947
113.026186
111.600887
112.313537
111.885947
112.028477
110.745708
112.598597
112.741126
112.028477
111.030768
112.456067
111.885947
113.453776
111.030768
104.046804
106.754872
109.320410
112.883656
111.743417
111.315828
111.743417
112.598597
112.456067
112.313537
112.598597
112.313537
113.168716
111.743417
112.456067
111.885947
112.456067
113.738836
113.596306
112.028477
112.741126
112.028477
110.033059
112.598597
112.171007
108.607760
110.745708
111.458358
111.030768
111.315828
112.171007
111.030768
111.743417
111.600887
111.030768
112.171007
112.456067
112.456067
112.171007
110.745708
113.168716
113.738836
111.030768
111.885947
111.315828
112.028477
110.745708
111.885947
111.173298
105.187043
111.458358
114.166425
111.885947
112.883656
113.168716
112.741126
110.603178
111.743417
109.462939
111.315828
110.888238
110.888238
111.743417
111.315828
112.028477
110.888238
112.313537
112.598597
109.320410
111.885947
112.598597
112.456067
111.885947
104.474394
111.885947
112.313537
111.743417
112.313537
111.173298
100.483558
112.028477
111.173298
112.028477
113.168716
110.603178
111.458358
111.173298
112.171007
112.741126
111.600887
110.175589
108.892820
112.456067
111.458358
114.166425
113.311246
111.600887
108.037641
112.456067
111.173298
111.030768
111.743417
112.741126
111.885947
110.460649
113.596306
111.600887
110.888238
111.173298
111.030768
112.456067
111.030768
111.315828
111.458358
112.171007
112.171007
112.171007
111.315828
103.761745
113.168716
99.485849
106.184752
110.888238
112.028477
112.456067
111.743417
112.313537
110.318119
110.888238
113.453776
113.453776
110.888238
111.885947
112.313537
114.023895
112.028477
111.885947
112.171007
111.173298
111.458358
110.460649
112.741126
111.600887
112.883656
103.049095
112.171007
111.315828
110.888238
112.028477
111.458358
111.315828
110.745708
112.171007
112.171007
111.173298
111.885947
111.173298
103.619215
109.747999
111.600887
110.603178
111.885947
112.598597
110.603178
110.745708
112.456067
111.030768
111.885947
105.187043
111.173298
111.600887
112.598597
112.598597
110.033059
110.888238
110.888238
111.743417
114.308955
111.885947
112.741126
112.028477
110.888238
111.600887
112.171007
111.885947
110.603178
110.318119
112.171007
114.023895
111.458358
113.168716
110.888238
107.039932
111.743417
111.173298
110.175589
105.899693
111.885947
111.743417
111.885947
112.883656
111.885947
114.166425
113.453776
111.600887
112.313537
110.175589
112.598597
111.885947
112.456067
112.028477
112.313537
111.315828
109.747999
110.318119
111.885947
103.476685
110.175589
112.598597
112.741126
111.173298
113.168716
109.462939
112.028477
111.173298
111.885947
111.743417
111.743417
113.881365
111.458358
111.743417
113.881365
111.030768
113.168716
111.458358
92.929475
111.173298
111.030768
112.171007
112.456067
111.600887
112.741126
112.313537
112.741126
113.026186
113.453776
114.023895
110.460649
112.883656
112.883656
112.028477
111.600887
112.598597
112.456067
113.738836
111.173298
111.173298
112.741126
111.600887
111.600887
110.888238
110.603178
111.458358
104.189334
108.607760
112.598597
112.883656
113.026186
113.168716
112.741126
111.030768
112.598597
113.168716
109.320410
84.377682
110.175589
111.600887
112.171007
110.745708
112.598597
111.600887
110.745708
111.030768
110.745708
112.741126
111.030768
111.173298
109.747999
113.596306
112.741126
111.885947
111.030768
112.741126
110.745708
113.026186
111.600887
110.603178
111.743417
112.028477
110.745708
113.453776
113.026186
111.173298
112.456067
112.456067
111.458358
111.315828
112.171007
112.028477
112.171007
113.026186
105.614633
112.171007
96.065132
111.885947
111.315828
111.458358
110.745708
111.600887
112.028477
111.600887
109.605469
112.741126
113.453776
113.881365
110.603178
109.747999
112.598597
112.171007
111.885947
112.456067
112.313537
110.745708
112.883656
110.745708
105.899693
112.313537
111.743417
113.311246
114.166425
111.885947
111.030768
111.458358
111.315828
110.888238
111.743417
111.315828
109.747999
112.456067
111.743417
113.453776
113.168716
98.630669
111.885947
113.596306
111.173298
112.456067
111.315828
113.453776
107.610051
111.600887
112.883656
110.745708
111.173298
114.451485
113.026186
110.888238
114.023895
113.168716
111.458358
113.453776
112.171007
112.028477
113.311246
111.315828
112.741126
110.460649
112.598597
111.458358
110.603178
111.458358
111.030768
102.336446
105.472103
112.741126
112.456067
112.456067
112.883656
111.885947
114.166425
111.030768
100.341028
111.173298
112.171007
111.315828
112.171007
111.743417
113.311246
113.311246
112.028477
114.594015
112.171007
110.175589
113.881365
111.315828
111.173298
104.901984
112.456067
112.313537
112.598597
110.318119
109.462939
112.313537
111.315828
112.598597
111.600887
111.030768
111.743417
114.308955
113.881365
113.596306
111.600887
112.883656
111.743417
111.173298
111.315828
113.026186
112.171007
110.318119
112.741126
99.770908
110.745708
111.600887
111.173298
113.168716
113.453776
112.598597
111.743417
112.598597
111.885947
111.600887
111.743417
112.883656
114.594015
110.603178
112.883656
112.028477
111.030768
110.033059
112.313537
111.458358
116.019313
110.888238
111.458358
109.035350
112.171007
112.313537
110.603178
111.743417
111.885947
112.171007
111.173298
111.600887
112.456067
113.168716
111.458358
112.598597
112.028477
113.168716
105.044514
110.745708
111.885947
111.173298
111.885947
113.026186
111.885947
111.458358
110.603178
103.619215
110.033059
112.598597
112.598597
113.311246
112.456067
114.166425
111.315828
112.171007
110.888238
112.598597
110.888238
113.168716
110.318119
111.885947
111.173298
111.885947
111.600887
111.743417
110.603178
112.598597
112.171007
111.458358
104.901984
107.182462
113.168716
111.458358
110.888238
112.171007
111.600887
111.885947
111.885947
112.028477
112.598597
110.318119
112.598597
113.168716
111.600887
111.743417
111.458358
112.171007
112.171007
113.168716
113.026186
114.879074
110.888238
110.888238
106.754872
111.315828
108.322701
112.028477
112.741126
112.598597
112.598597
112.456067
112.028477
110.603178
111.743417
112.883656
113.168716
112.313537
111.885947
109.747999
110.603178
112.313537
110.460649
111.600887
111.885947
112.313537
112.028477
112.741126
108.750290
112.028477
110.460649
113.168716
112.171007
112.313537
112.313537
110.460649
111.600887
112.456067
112.313537
112.598597
110.460649
111.173298
111.458358
111.030768
110.603178
105.187043
110.745708
111.600887
112.883656
110.318119
112.171007
110.745708
106.184752
111.885947
109.035350
112.028477
112.598597
112.171007
113.453776
113.738836
112.171007
111.030768
111.885947
111.885947
110.460649
113.453776
112.456067
113.026186
113.453776
112.456067
112.456067
110.460649
110.603178
111.030768
109.747999
111.315828
104.901984
112.598597
111.743417
112.313537
113.311246
109.462939
112.028477
109.320410
106.897402
108.607760
112.741126
111.885947
112.313537
112.171007
112.883656
110.460649
112.741126
112.598597
111.743417
112.171007
112.028477
112.456067
111.173298
106.897402
107.610051
111.173298
112.028477
110.460649
113.738836
110.033059
110.603178
112.028477
113.311246
112.598597
112.028477
109.747999
113.026186
114.308955
112.171007
111.743417
111.315828
111.315828
112.028477
110.745708
112.883656
111.458358
111.885947
96.777781
112.598597
113.168716
111.743417
110.460649
113.026186
112.313537
112.741126
111.885947
113.311246
111.173298
111.458358
111.458358
111.458358
111.315828
113.596306
110.745708
112.456067
111.173298
112.598597
108.037641
111.458358
112.171007
112.883656
102.336446
111.030768
112.171007
112.171007
111.743417
111.030768
112.028477
112.741126
112.028477
111.743417
110.888238
110.603178
113.026186
111.173298
113.168716
93.357064
111.885947
111.600887
111.600887
111.743417
112.456067
111.600887
111.743417
112.171007
105.614633
111.885947
114.308955
113.026186
112.598597
112.456067
114.736545
110.460649
111.173298
112.598597
113.026186
113.168716
112.741126
112.313537
112.313537
112.598597
113.738836
110.460649
111.458358
111.030768
112.598597
113.168716
112.883656
112.028477
107.039932
112.171007
111.885947
112.741126
112.741126
112.741126
92.216825
111.030768
111.173298
112.171007
112.313537
110.603178
111.315828
110.175589
110.745708
111.173298
111.030768
113.453776
111.885947
114.879074
112.313537
112.313537
111.885947
113.881365
111.743417
113.738836
113.026186
111.743417
110.603178
111.030768
111.315828
112.456067
111.173298
111.315828
111.885947
111.030768
111.173298
111.315828
111.600887
112.171007
113.168716
113.168716
112.456067
111.173298
110.460649
95.067423
112.741126
104.189334
103.334155
110.318119
111.885947
112.598597
112.598597
111.173298
110.745708
111.743417
112.598597
111.600887
110.888238
113.453776
109.462939
111.885947
112.598597
112.598597
112.598597
111.458358
111.173298
110.318119
111.030768
112.028477
112.456067
105.472103
112.741126
110.175589
112.598597
111.885947
112.028477
111.458358
112.313537
112.883656
110.745708
112.313537
111.885947
110.460649
97.918020
112.313537
111.600887
112.171007
113.168716
111.315828
112.741126
111.885947
112.598597
110.175589
111.885947
109.035350
110.888238
111.458358
110.745708
112.456067
111.600887
111.743417
109.177880
111.315828
112.598597
111.743417
111.458358
111.173298
110.603178
111.173298
111.458358
110.745708
113.311246
111.173298
107.895111
109.890529
111.600887
109.605469
111.173298
103.476685
112.171007
111.315828
111.743417
112.171007
112.456067
112.456067
112.028477
112.598597
110.318119
113.738836
111.030768
110.603178
111.458358
112.313537
112.456067
110.318119
110.460649
108.607760
112.883656
112.028477
113.311246
111.600887
112.313537
102.764036
112.456067
111.173298
112.313537
111.173298
112.028477
111.743417
111.600887
111.600887
110.318119
111.743417
109.035350
111.315828
111.600887
112.028477
113.026186
113.596306
112.741126
111.030768
109.890529
94.069714
112.883656
112.456067
106.612342
107.610051
112.741126
111.315828
110.745708
111.885947
112.171007
111.173298
111.458358
112.171007
111.173298
111.458358
112.171007
111.885947
111.458358
110.603178
111.600887
110.603178
106.897402
111.600887
111.600887
110.888238
109.890529
112.883656
108.607760
110.745708
111.743417
111.458358
112.171007
112.456067
112.313537
113.311246
112.171007
109.890529
112.313537
113.168716
87.228280
111.173298
110.888238
110.318119
112.171007
110.745708
110.175589
110.318119
113.168716
111.315828
111.030768
111.030768
104.331864
112.028477
112.598597
111.030768
112.883656
110.745708
112.313537
111.743417
105.614633
111.885947
111.600887
112.598597
112.171007
114.166425
112.456067
112.028477
109.890529
111.173298
111.743417
111.600887
111.173298
111.885947
110.603178
112.313537
107.324991
112.456067
112.883656
86.230571
111.458358
111.885947
110.033059
111.600887
110.318119
111.885947
113.026186
113.168716
111.458358
112.028477
112.171007
111.030768
110.175589
107.610051
111.885947
111.030768
112.171007
111.743417
112.741126
110.745708
107.895111
112.883656
112.171007
113.026186
112.456067
113.026186
112.028477
113.026186
111.030768
112.741126
110.460649
111.458358
109.605469
110.033059
111.885947
110.745708
111.315828
110.745708
93.357064
112.741126
112.741126
112.028477
112.883656
100.626088
99.485849
111.173298
113.026186
110.318119
112.883656
110.745708
113.168716
112.456067
113.738836
111.315828
111.885947
111.600887
111.885947
113.453776
112.313537
110.745708
112.598597
112.171007
111.885947
113.026186
112.313537
111.885947
110.460649
105.757163
111.743417
112.598597
109.462939
109.890529
111.743417
111.315828
111.743417
113.026186
111.315828
99.343319
110.318119
112.741126
110.318119
112.456067
112.028477
110.603178
110.888238
113.453776
111.173298
111.600887
110.033059
109.890529
112.741126
107.752581
112.883656
113.026186
111.458358
111.030768
111.885947
112.171007
111.315828
111.173298
110.745708
113.168716
111.600887
111.885947
112.456067
110.460649
110.175589
112.028477
112.883656
111.173298
111.885947
113.453776
112.883656
112.171007
113.738836
109.320410
108.750290
112.028477
112.456067
110.745708
113.168716
112.456067
112.313537
111.885947
110.888238
111.458358
111.315828
110.033059
110.033059
111.885947
110.745708
112.741126
110.888238
112.028477
110.745708
111.743417
110.745708
110.033059
110.745708
107.039932
110.888238
110.745708
112.171007
112.028477
112.028477
113.596306
112.171007
112.313537
111.600887
112.598597
110.603178
112.456067
112.598597
112.171007
111.458358
111.458358
111.600887
111.173298
111.600887
110.175589
110.033059
111.458358
106.612342
102.336446
111.600887
111.458358
111.030768
112.456067
112.456067
112.741126
110.318119
111.315828
113.311246
112.313537
111.173298
112.313537
112.313537
110.745708
111.743417
110.033059
112.741126
110.745708
108.037641
113.881365
111.030768
112.456067
109.890529
112.741126
111.743417
112.456067
111.885947
110.603178
112.028477
110.318119
113.168716
113.026186
113.026186
110.603178
113.596306
112.598597
111.173298
111.743417
113.311246
110.745708
112.598597
112.598597
111.600887
110.888238
113.026186
111.458358
106.754872
108.322701
112.741126
108.750290
111.030768
112.028477
111.315828
110.888238
112.598597
113.596306
111.173298
112.456067
111.743417
112.456067
111.600887
111.600887
112.171007
112.171007
112.171007
110.175589
113.881365
114.594015
111.173298
111.315828
107.467521
112.313537
110.175589
111.458358
113.026186
111.173298
112.598597
113.738836
111.173298
113.168716
112.741126
112.456067
108.892820
110.603178
112.171007
112.741126
110.888238
113.311246
107.039932
110.745708
111.885947
111.315828
112.028477
111.885947
110.888238
113.168716
113.311246
111.315828
112.883656
111.600887
110.745708
112.598597
112.456067
112.456067
112.456067
112.171007
111.743417
109.320410
112.171007
111.315828
112.171007
114.308955
111.600887
112.741126
111.743417
111.458358
112.741126
111.030768
112.313537
110.318119
111.743417
112.883656
112.171007
112.598597
113.026186
111.173298
111.458358
103.334155
112.313537
111.173298
112.028477
111.600887
111.885947
111.600887
112.883656
112.171007
113.026186
111.600887
112.456067
112.171007
111.600887
107.895111
110.603178
112.741126
112.171007
113.026186
112.741126
112.313537
111.173298
112.883656
112.883656
109.747999
112.883656
112.598597
110.888238
113.596306
109.605469
113.453776
112.741126
113.311246
112.456067
112.028477
111.030768
113.738836
108.750290
110.745708
93.214534
111.743417
111.600887
106.184752
113.738836
110.603178
112.598597
113.738836
112.456067
112.741126
113.026186
112.741126
112.456067
111.030768
111.315828
111.458358
109.035350
111.173298
112.313537
112.741126
110.603178
113.881365
112.171007
109.035350
109.890529
112.883656
111.885947
111.315828
113.453776
113.311246
112.028477
112.598597
110.888238
108.465230
110.460649
110.603178
111.030768
113.738836
111.458358
91.219116
111.315828
110.745708
111.600887
112.171007
110.460649
112.028477
108.750290
109.035350
113.026186
111.458358
113.168716
112.456067
111.885947
112.456067
112.883656
110.460649
112.028477
111.600887
111.173298
112.883656
109.605469
111.885947
110.888238
112.598597
112.741126
112.313537
111.743417
109.462939
111.315828
111.885947
111.315828
108.322701
111.743417
111.743417
112.028477
112.883656
112.028477
110.033059
86.658160
111.743417
110.603178
112.028477
111.743417
112.028477
112.313537
111.743417
112.171007
113.453776
111.030768
112.741126
112.171007
111.743417
112.741126
111.743417
110.603178
109.320410
112.598597
112.456067
108.607760
112.741126
112.883656
114.308955
112.171007
114.023895
114.166425
112.313537
113.026186
112.456067
113.738836
112.741126
113.168716
111.315828
109.890529
110.745708
109.462939
112.028477
111.600887
92.074295
109.462939
111.600887
113.026186
111.458358
108.750290
112.456067
113.453776
111.600887
110.745708
112.598597
111.743417
113.026186
112.741126
112.741126
113.311246
111.600887
112.456067
110.745708
113.453776
112.456067
111.743417
110.745708
111.885947
111.173298
111.173298
111.743417
113.168716
110.318119
109.462939
110.888238
111.885947
110.745708
111.600887
109.462939
110.888238
112.171007
112.598597
108.750290
86.088041
111.173298
112.598597
111.743417
110.745708
112.456067
112.028477
113.311246
113.453776
110.460649
108.607760
112.598597
113.453776
112.883656
111.458358
111.743417
114.023895
111.030768
112.313537
112.171007
113.026186
112.171007
111.885947
112.741126
113.596306
110.460649
112.598597
110.603178
110.318119
112.456067
113.026186
112.883656
114.594015
112.456067
107.039932
111.315828
112.741126
113.026186
113.026186
96.492721
111.600887
114.308955
110.318119
113.453776
109.747999
111.173298
112.741126
111.173298
110.318119
113.881365
111.743417
113.168716
112.456067
111.030768
112.171007
111.030768
111.315828
109.177880
108.037641
113.168716
109.320410
111.315828
112.598597
111.885947
113.311246
110.888238
111.030768
113.453776
112.598597
112.883656
113.453776
111.173298
111.458358
114.879074
111.885947
110.175589
112.598597
110.603178
90.791527
109.035350
110.745708
110.460649
112.028477
111.743417
112.028477
111.885947
112.883656
110.318119
110.745708
112.028477
112.313537
111.315828
113.311246
112.456067
110.460649
111.885947
111.743417
111.600887
111.458358
111.030768
110.745708
113.026186
113.026186
110.888238
112.883656
106.897402
113.026186
112.883656
112.313537
111.885947
112.741126
109.462939
110.603178
111.030768
108.322701
110.460649
112.456067
84.805272
113.881365
113.168716
112.598597
111.315828
111.458358
108.180171
110.603178
112.171007
111.315828
111.885947
111.315828
108.750290
110.460649
112.171007
112.456067
112.741126
113.026186
111.030768
